 85.360862   101.86842  
 94.251190   54.875663  
 71.979614   27.663293  
 82.476554   27.663293  
 84.988555   44.926322  
  93.19133   46.249603  
 90.533096   46.249603  
 93.391418   48.738502  
 77.119316   32.857421  
 88.549850   32.857421  
 93.384933   44.554752  
 92.143440   95.015846  
 90.250694   6.7720351  
 88.756195   147.15347  
 87.571098   42.237209  
 70.182693   53.922908  
 90.345390   61.507976  
 100.90229   17.927745  
 89.575584   13.400534  
 86.721405   23.635215  
 75.821960   51.470779  
 88.572853   47.994373  
 80.556701   57.151855  
 73.831306   57.151855  
 70.837188   32.545394  
 82.696723   53.050674  
 75.670135   197.24704  
 95.982246   147.02812  
 99.481216   80.108100  
 85.738609   106.15959  
 92.651428   206.53492  
 90.119148   41.120109  
 91.321388   9.3156356  
 105.92427   19.228553  
 87.971817   65.308174  
 71.880973   26.240303  
 108.12290   26.240303  
 70.558311   46.510101  
 70.622657   46.510101  
 93.257263   79.182785  
 73.262283   9.1086950  
 72.251190   71.389122  
 99.541839   71.389122  
 93.506057   34.656131  
 91.808013   6.7403802  
 90.955490   6.7403802  
 109.52434   15.548877  
 102.06580   19.862379  
 85.875732   19.862379  
 92.270385   131.09704  
 94.091781   14.921809  
 81.759208   25.751394  
 74.018165   25.751394  
 74.770484   37.071743  
 92.898506   13.698304  
 72.061821   81.855484  
 72.155677   81.855484  
 90.433525   11.357390  
 89.876785   47.949405  
 90.866790   15.546664  
 90.445182   15.546664  
 90.191093   63.335399  
 99.959526   80.731277  
 70.147735   25.000204  
 90.033813   25.000204  
 90.379310   60.699493  
 91.537216   60.699493  
 91.899742   55.073379  
 91.206863   4.7042741  
 91.627807   86.575134  
 71.835800    24.11026  
 96.482711   41.556831  
 98.227806   15.182598  
 82.829490   15.182598  
 71.972602   61.002658  
 92.989151   112.71521  
 81.542999   77.219116  
 103.89929   182.39682  
 94.990692   182.39682  
 72.162025   182.39682  
 94.990692   182.39682  
 94.990692   77.219116  
 103.89929   182.39682  
 105.15914   182.39682  
 72.162025   182.39682  
 105.15914   182.39682  
 103.89929   182.39682  
 92.005096   119.58036  
 92.613487   119.58036  
 108.46029   50.619865  
 103.77258   62.814937  
 103.33355   9.2665166  
 74.886268   9.2665166  
 91.529830   34.447315  
 88.272895   18.339071  
 74.724838   20.097969  
 94.014312   20.097969  
 71.477973   20.097969  
 89.265243   20.097969  
 70.639808   84.987899  
 96.515762     86.3694  
 104.43390   81.843307  
 98.435722   81.843307  
 107.04283   14.453269  
 88.628021   14.453269  
 91.153381   101.14424  
 89.058410   7.5202550  
 94.434272   8.8453588  
 88.617309   32.712020  
 73.398384   32.712020  
 72.602195   162.30851  
 80.433334   162.30851  
 91.243698   5.0356283  
 92.812835   75.276344  
 104.40066   75.276344  
 92.812835   75.276344  
 75.947761   75.276344  
 71.370674   23.248523  
 79.655792   69.444732  
 93.071517   57.795520  
 70.501625   36.382766  
 96.702537   155.23738  
 91.268257   155.23738  
 72.512947   124.86129  
 82.204612   124.86129  
 87.217712   15.253538  
 76.493438   85.256462  
 86.884704   55.230041  
 89.812866   4.1097374  
 93.223983   78.134262  
 95.327034   78.134262  
 90.889961   36.115886  
 88.725700   36.115886  
 103.18671   114.99841  
 87.022209   114.99841  
 92.441200   31.577270  
 76.044426   37.327205  
 102.03083   69.412841  
 101.60147   69.412841  
 80.246200   12.382522  
 86.537338   36.270618  
 93.038673   4.6942281  
 81.765510   51.951286  
 98.745506   11.656155  
 81.959869   58.339500  
 92.142280   29.411367  
 89.191856    150.5345  
 75.786621   147.23143  
 90.301658   26.308816  
 88.245552   85.743858  
 72.619064   85.743858  
 91.011306   147.83801  
 103.46252   147.83801  
 97.962074   147.83801  
 91.549072   147.83801  
 103.37538   4.9013481  
 85.314491   4.9013481  
 88.071037   61.985973  
 91.199142   36.525451  
 94.008300   143.17266  
 98.968505   5.7871861  
 81.236900   33.175754  
 96.507728   33.175754  
 100.80936   161.88546  
 92.049758   38.830799  
 91.034294   55.528472  
 89.951377   58.753860  
 90.087333   19.950885  
 72.744972   5.7259578  
 73.338485   45.023609  
 89.784797   65.021926  
 73.146179   194.62027  
 81.747482   83.528236  
 79.781402   83.528236  
 78.337516   131.67964  
 94.071456   131.67964  
 91.228485   11.496547  
 109.07527   49.146762  
 75.311515   73.949050  
 76.961692   73.949050  
 89.827766   66.128143  
 96.986557   24.247085  
 94.548408   64.881385  
 85.727325   19.751785  
 81.826072   41.396312  
 88.524536   23.056774  
 92.908790     5.81671  
 89.974548   31.757885  
 87.325676   39.248252  
 80.363899   39.248252  
 78.996376   76.704902  
 106.29917   76.704902  
 106.29917   53.517200  
 91.300521   45.808231  
 89.768844   38.581699  
 91.427864   100.34319  
 91.066200   54.066158  
 95.514755   54.066158  
 86.058364   37.536487  
 83.077461   164.23342  
 89.656776   164.23342  
 91.064888   41.747589  
 88.985412   57.467544  
 83.573623   57.467544  
 93.290733   64.547027  
 90.420791   11.052717  
 92.118911   11.052717  
 92.795730   61.031314  
 82.008018   143.64978  
 86.940170   44.944934  
 87.965965   32.972709  
 79.391822   62.249530  
 79.391822   62.249530  
 83.141380   36.714138  
 88.583061   42.288673  
 78.607902   18.554548  
 86.545867   79.849662  
 85.277328   79.849662  
 85.336357   35.273395  
 87.718177   35.273395  
 92.342842   64.203651  
 86.358398   49.305934  
 92.520942   126.41538  
 91.786567   126.41538  
 90.062416   70.224792  
 91.676185   70.224792  
 82.851493   17.129600  
 92.964164   113.99922  
 89.115768   20.609172  
 81.460678   60.478378  
 77.653099   6.7751956  
 96.453781   62.192642  
 91.511566   62.192642  
 90.449646   31.521993  
 106.94377   31.521993  
 72.020385   81.181091  
 78.636001   9.0419311  
 83.509773   9.0419311  
 93.953468   122.76625  
 87.031280   122.76625  
 90.077537   28.260746  
 93.057624   28.260746  
 80.153541   37.780338  
 70.951675   85.570976  
 91.432296   62.046947  
 92.095855   62.046947  
 91.169158   89.199348  
 95.166137   89.199348  
 89.809532   7.0180215  
 82.988113   18.998712  
 96.039138   18.998712  
 103.29748   29.616769  
 85.857002   29.616769  
 89.565521   35.391990  
 85.225593   35.391990  
 81.788581   13.329222  
 86.968963   15.393621  
 75.620719   25.760446  
 79.577812   25.760446  
 88.921150   25.048633  
 88.858024   272.86871  
 88.858024   24.064968  
 91.396682   72.864143  
 80.570617   72.864143  
 88.710083   71.142990  
 87.512283   34.444614  
 81.101547   5.5435862  
 75.013183   5.5435862  
 79.115348   50.499897  
 97.521141   36.342849  
 95.730331   36.342849  
 82.272811   5.9761114  
 82.272811   67.726936  
 72.390472   4.4818596  
 78.647628   4.4818596  
 94.979728   170.60649  
 76.085853   4.2358083  
 95.459297   63.472309  
 93.272750   63.472309  
 75.556419   51.673797  
 74.149200   30.042375  
 93.048965   89.092201  
 104.94686   55.184745  
 79.242301   55.184745  
 78.867607   28.714483  
 93.695007   82.991706  
 92.194480   82.991706  
 93.440452   83.003326  
 92.495597   83.003326  
 91.790054   81.617034  
 71.432579   34.626907  
 89.776458   33.336780  
 90.446701   51.551784  
 80.178062   51.551784  
 109.15013   67.135002  
 70.328598   88.485351  
 88.134613   96.077896  
 95.682884   96.077896  
 97.257026   12.006679  
 82.518348   154.85624  
 89.041725   87.892547  
 77.145111   14.492622  
 95.926414   179.13673  
 93.218040   179.13673  
 91.897789   35.954032  
 88.690506   35.954032  
 92.174171   47.481746  
 96.023201   51.022407  
 81.667137   44.263824  
  104.9748   44.263824  
 72.053192   119.41741  
 90.508895   98.513298  
 75.139846   98.513298  
 95.584312   216.98535  
 89.652374   68.848594  
 71.111198   68.848594  
 71.111198   66.790847  
 97.159584   66.790847  
 70.556427   66.556686  
 97.159584   66.556686  
 109.68327   9.9141216  
 97.867118   9.9141216  
 91.504333   141.59724  
 98.160507   141.59724  
 90.003799   64.074630  
  98.26828   56.925430  
 86.458938   46.511001  
 75.970054   186.09355  
 79.938552   186.09355  
 93.346893   31.888982  
 80.270889   31.888982  
 71.310089   53.331771  
 74.265739   53.331771  
 88.707695   82.254211  
 79.836830   134.92572  
 81.561851   134.92572  
 96.210861   65.110199  
 81.197784   91.312202  
 92.774490   91.312202  
 90.218093   42.485214  
 83.598030   11.255007  
 89.384147   26.808427  
 72.076049   66.341758  
 92.890251   44.636592  
 83.754158   4.0800480  
 73.199142   15.730037  
 88.933280   164.84742  
 88.933280   164.84742  
 74.847625   107.80265  
 76.461685   107.80265  
 88.621704   70.760719  
 90.485122   63.427913  
 96.505462   24.948646  
 79.676681   61.443203  
 80.123764   18.163583  
 73.392593   4.5826325  
 89.013336   61.543426  
 92.640701   47.476028  
 97.506828   62.444931  
 75.918067   4.7765064  
 73.441268   114.60405  
 103.35745   114.60405  
 93.621093   240.97224  
 82.880271   32.235847  
 74.427978   23.909668  
 85.162284   87.159553  
 82.532318   10.663248  
 95.240119   10.663248  
 82.532318   10.663248  
 88.330673   10.663248  
 95.240119   16.780729  
 88.330673   16.780729  
 100.84787   80.330612  
 91.966720   20.130857  
 90.002784   20.130857  
 91.524971   15.863687  
 90.915535   15.863687  
 92.865959   9.8704900  
 72.236282   5.9201088  
 84.542747   5.9201088  
 81.201919   97.995361  
 93.198074   27.603628  
 92.267929   82.288459  
 90.289268   65.730278  
 72.276649   65.730278  
 92.633583   61.405410  
 91.038353   32.839496  
 91.173187   189.95030  
 92.703231   164.34359  
 72.977348   4.9870634  
 84.750312   4.9870634  
 84.750312   30.177349  
 78.158073   30.177349  
 72.977348   4.9870634  
 105.63240   4.9870634  
 72.977348   4.9870634  
 78.158073   4.9870634  
 70.375190   15.932358  
 71.524185   61.862773  
 101.78597   8.2334241  
 71.379280   8.2334241  
 88.458259   173.01229  
 93.247398   9.3187007  
 98.591972   9.3187007  
 108.99272   23.905509  
 89.595939   50.865322  
 82.755218   50.865322  
 98.579376   43.593250  
 74.808898   43.593250  
 92.211746   8.1947259  
 92.178428   28.723209  
 79.717651   28.723209  
 76.973197   52.755733  
 81.817565   52.755733  
 81.817565   53.465877  
 96.991920   53.465877  
 90.428779   76.590271  
 77.784400   30.460678  
 103.69881   30.460678  
 82.458282   119.13732  
 99.397750   119.13732  
 89.892326   70.751434  
 75.043365   70.751434  
 77.164299   16.924505  
 97.998352   16.924505  
 75.511085   52.014316  
 76.012374   46.140487  
 80.553352   232.38299  
 80.553352   232.38299  
 106.86442   8.2772693  
 91.605621   28.479541  
 101.22350   165.27665  
 109.73339   52.435592  
 84.634513   39.350952  
 80.041358   39.350952  
 87.225524   56.136444  
 93.039901   56.136444  
 77.343864   15.769464  
 91.554061   23.086771  
 93.833633   23.086771  
 89.543266   27.340326  
 84.261833   27.340326  
 75.768898   117.82556  
 79.523071   163.01399  
 92.439659   8.0703287  
 76.324745   84.485504  
 89.947982   84.485504  
 94.452247   78.626625  
 70.888633   5.1906461  
 93.345619   5.1906461  
 91.947303   19.414085  
 84.263343   4.5583138  
 76.794670   4.5583138  
 91.300674   103.42559  
 83.800216   103.42559  
 90.268646   44.252170  
 90.447242   6.3579087  
 100.45992   194.48274  
 82.163818   9.5621604  
 71.312759   9.5621604  
 91.713249   44.709655  
 99.540283   44.709655  
 96.103004   15.463239  
 90.635070   15.463239  
 91.553962   37.759399  
 76.703666   30.651966  
 71.151695   216.70077  
 72.649612   216.70077  
 75.096519   91.961532  
 89.768943   21.426918  
 93.511405   21.426918  
 76.730590   61.821113  
 73.812645   61.821113  
 89.999107   35.313762  
 81.881172   70.524017  
 74.362693   70.524017  
 86.062889   16.810306  
 97.956214   25.111766  
 70.862838   25.111766  
 97.956214   25.111766  
 72.314781   25.111766  
 88.724639   136.67858  
 73.153617   136.67858  
 90.102798   57.652488  
 77.273811   7.7540211  
 86.999610   44.481124  
 97.543144   24.333189  
 92.524429   12.818936  
 90.895385   12.818936  
 74.688118   52.311340  
 75.025581   52.311340  
 76.966255   45.915321  
 90.305442   41.232883  
 103.39879   41.232883  
 107.89051   41.372757  
 92.541313   41.372757  
 73.658279   4.4323973  
 84.163047   48.216945  
 90.589447   30.830244  
 72.003044   30.830244  
 102.79038   96.248031  
 79.299522   96.248031  
 83.691665   56.331745  
 93.831352   90.546814  
 93.831352   90.546814  
 87.769210   90.546814  
 101.70246   47.028717  
 76.751060   5.5659408  
 72.138191   5.5659408  
 76.506538   15.151027  
 70.258163   15.151027  
 91.353981   284.84808  
 69.369079   284.84808  
 91.353981   284.84808  
 89.560546   22.878463  
 90.877029   22.878463  
 103.23967   112.00296  
 78.436782   22.598661  
 91.917610   36.683567  
 82.258857   36.683567  
 92.526603   38.816307  
 92.609718   38.816307  
 74.516632   129.05891  
 82.842865   62.101108  
 86.548141   62.101108  
 81.580108   56.217834  
 82.842865   56.217834  
 89.163955   28.837480  
 84.233131   28.837480  
 91.586944   8.3754062  
 88.507911   8.3754062  
 91.921577   31.882850  
 88.019126   31.882850  
 100.58735   138.55210  
 92.539001   7.1770057  
 100.58735   138.55210  
 92.539001   138.55210  
 102.63391   226.93856  
 72.206604   33.343425  
 86.578636   7.0265159  
 70.412582   105.42627  
 86.951599   21.574319  
 90.379447   80.537551  
 82.142868   80.537551  
 88.293052   29.972143  
 75.314849   29.972143  
 82.174240   82.988212  
 85.580566   82.988212  
 90.072372   48.564067  
 89.385368   17.202163  
 93.589454   28.343187  
 92.592590   107.46509  
 75.098930   107.46509  
 92.592590   107.46509  
 79.083007   107.46509  
 76.825241   12.458393  
 83.328300   9.2765188  
 85.370094    29.07267  
 83.603080   10.481493  
 90.562034   40.472274  
 91.373748   48.343822  
 76.038742   66.423194  
 76.907363   66.423194  
 76.038742   66.423194  
 109.54470   83.487236  
 82.050567   83.487236  
 90.939804   83.487236  
 89.908477   83.487236  
 89.364593   39.654933  
 94.672050   39.654933  
 88.080917   9.1981067  
 97.352081   9.1981067  
 72.555824   149.53222  
 104.12475   7.6096792  
 89.732536   19.922611  
 80.446716   26.409477  
 75.024780   63.851162  
 93.614982   59.801124  
 85.043144   59.801124  
 90.288307   69.304405  
 98.561866   69.304405  
 84.916450   64.797912  
 95.642356   287.77053  
 78.338279   287.77053  
 90.699752   17.814073  
 91.239563   22.881853  
 75.601646   19.175371  
 80.905593   19.175371  
 90.453605   28.158075  
 75.426124   25.545936  
 71.679046   17.568355  
 78.001647   4.1379118  
 93.959754   61.593513  
 90.790847   61.593513  
 79.155921   9.7541303  
 89.133132   40.345630  
 71.245140   40.345630  
 102.05484   67.927856  
 109.00595   124.27587  
 80.352745   97.095451  
 73.657974   19.156971  
 90.265090   25.164903  
 78.628860   8.6570215  
 90.999931   6.1363863  
 89.417892   86.294075  
 100.35454   86.294075  
 87.951629   98.403160  
 84.928543   98.403160  
 80.928009   41.810585  
 106.34944   95.409332  
 107.32487   95.409332  
 73.087997   5.1636624  
 80.136474   236.86448  
 76.091003   236.86448  
 103.24938   19.285148  
 83.592643   18.579097  
 73.437957   4.5827140  
 72.337402   4.5827140  
 73.437957   4.5827140  
 98.616561   4.5827140  
 73.772277   29.381935  
 97.517524   21.751199  
 99.655159   101.27970  
 71.799163   101.27970  
 89.581626   57.916503  
 100.43199   71.624679  
 86.513214   52.683292  
 79.406517   27.870796  
 74.270950   72.197174  
 82.841804   88.652999  
 90.976776   61.616275  
 83.756080   26.680246  
 91.550994   26.680246  
 76.136444   5.1298685  
 77.987571   30.878837  
 94.786659   115.22024  
 94.786659   115.22024  
 108.90227   71.209884  
 95.828025   71.209884  
 87.085952    71.34272  
 75.745941    71.34272  
 90.599601    71.34272  
 73.233787    71.34272  
 77.404953   5.7008504  
 77.404953   28.344196  
 90.584190   36.859462  
 88.009727     50.1278  
 88.066535   96.872764  
 74.018829   124.36640  
  105.2202   15.644784  
 86.466026   15.644784  
 90.331977   55.499218  
 76.061912   60.437362  
 73.023452   84.524955  
 102.89559   31.542175  
 77.005523   31.542175  
 85.471481   48.409263  
 92.597892   48.409263  
 93.068458   64.920074  
 91.824302   64.920074  
 71.743728   39.322120  
 102.71149   124.14328  
 109.62359   124.14328  
 102.71149   124.14328  
 96.548744   124.14328  
 92.216102   27.533481  
 90.930427   27.533481  
 71.029274   93.030258  
 80.241951   93.608642  
 91.567253   93.608642  
 75.879806   42.603126  
 91.687103   55.047199  
 93.962249   46.035064  
 76.868675   6.4889035  
 90.920227   6.4889035  
 78.380828   45.245094  
 95.767883   82.021644  
 89.779884   82.021644  
 70.974487   14.960530  
 103.35449   65.570388  
 82.376007   68.963058  
 77.248275   68.963058  
 76.528595   37.419029  
 89.803848   51.461761  
 86.605995   37.405986  
 73.857101   137.85270  
 94.299499   137.85270  
 95.950981   94.029129  
 99.433090   22.902725  
 83.885276   22.902725  
 79.586509   19.771156  
 80.278518   19.771156  
 85.110763   43.842430  
 74.749618   43.842430  
 94.058654   60.815956  
 97.222099   60.815956  
 83.421272   139.11933  
 71.137283   139.11933  
 89.964942   23.950779  
 92.651374   24.833894  
 80.096077   170.04673  
 91.026832   38.703235  
 90.529769   94.203903  
 78.976676   94.203903  
 73.285430   84.135162  
 77.222351   84.135162  
 92.716537   30.146892  
 76.729194   109.80468  
 104.85752   461.41464  
 107.81732   58.162189  
 89.606086   45.974666  
 72.893905   54.663398  
 94.257110   66.201293  
 90.561714   35.944553  
 89.333381   35.944553  
 71.306198   21.233308  
 87.970703   25.241441  
 100.43167   11.579428  
 82.153045   11.579428  
 95.050300   10.350738  
 86.729522   10.350738  
 100.95713   9.6517591  
 78.533348   42.180049  
 89.985710   139.48078  
 94.377830   139.48078  
 89.024787   86.108078  
 88.395935   49.023864  
 81.053916   49.023864  
 106.39088   12.132050  
 80.551048   31.457300  
 85.272644   30.144386  
 94.664672   30.144386  
 76.946876   30.023576  
 71.480377   63.826614  
 93.628349   63.826614  
 89.525703   56.803875  
 80.971694   9.1957149  
 97.892646   51.726123  
 82.038559   67.758033  
 80.212883   67.758033  
 85.933189   72.580116  
 93.730049   72.580116  
 75.987052   12.173345  
 70.286323   54.148101  
 79.789238   54.148101  
 93.797561   48.638046  
 76.463737   65.859314  
 81.894447   65.859314  
 72.922386   8.1694603  
 95.519866   62.064655  
 89.695213   12.182863  
 91.502700   35.752998  
 88.422386   35.752998  
 89.871345   66.863395  
 91.459716   66.863395  
 90.675972   30.014993  
 90.943618   85.792419  
 90.238861   85.792419  
 88.053825   69.248512  
 90.740142   45.449485  
 87.582893   45.449485  
 90.966987   52.027980  
 91.105651   29.939502  
 100.80239   29.939502  
 89.757041   93.408401  
 94.293357   16.130477  
 107.82447   103.37647  
 80.846099   153.51973  
 85.236488   153.51973  
 81.415550   61.657714  
 99.899642   61.657714  
 79.346229   4.6185154  
 97.735290   40.385479  
 87.655235   30.297027  
 94.759262   57.233627  
 91.603950   57.233627  
 73.404541   74.259162  
 89.816047   54.511470  
 70.314926   73.515121  
 71.332992   73.515121  
 86.656028   16.958282  
 91.203743   16.958282  
 91.253242   203.81192  
 83.542373   170.66749  
 81.762062   116.02726  
 75.971977   12.307590  
 76.778610   49.726165  
 81.750488   49.726165  
 84.811279   49.726165  
 73.855308   49.726165  
 90.617202   18.911689  
 75.945465   157.92909  
 91.960983   38.994640  
 90.845657   38.994640  
 82.050361   84.227043  
 98.636428   152.56846  
 73.925674   10.477854  
 93.910377   32.631458  
 85.927200   32.631458  
 89.395309   53.021408  
 84.425437   16.097698  
 77.521728   112.45790  
 89.843368   58.417991  
 91.627342   35.111480  
 88.064834   35.111480  
 72.258140   9.8703060  
 86.305160   37.195850  
 94.626236   37.195850  
 90.056968   263.55978  
 94.215026   263.55978  
 95.632232   112.10257  
 78.571350   112.10257  
 102.40171   414.27667  
 79.157783   414.27667  
 72.618904   29.569097  
 103.98619   55.237594  
 96.911270   115.21148  
 72.941413   60.043319  
 78.546127   60.043319  
 104.77360   6.3199729  
 97.204162   104.32558  
 94.799583   104.32558  
 72.579361   104.32558  
 94.799583   104.32558  
 93.759864   99.134040  
 93.759864   99.134040  
 89.683166   68.681152  
 84.093086   68.681152  
 70.394439   5.9578695  
 95.730697   96.326499  
 107.00156   89.735252  
 70.435897   6.1060547  
 96.339843   6.1060547  
 92.813003   43.792087  
 73.570434   43.792087  
 87.124107   25.980215  
 107.42386   34.349521  
 90.949111   74.705642  
 82.247306   57.239322  
 88.087127   57.239322  
 83.813484   29.843069  
 73.222618   47.813655  
 87.795364   6.4473714  
 87.795364   6.4473714  
 76.523246   6.4473714  
 89.408706   38.735118  
 88.937225   31.112524  
 73.522598   17.482677  
 86.402824   37.481205  
 74.029121   37.481205  
 94.612869   54.029254  
 77.926460   54.029254  
 91.532928   32.451641  
 87.518119   7.8945140  
 84.627639   4.7878756  
 83.403297   4.7878756  
 85.152763   17.600711  
 90.465133   101.73188  
 85.702529   55.295974  
  87.66996   17.984975  
 82.872016   124.01954  
 100.90985   124.01954  
 70.667335   52.358863  
 104.97703   59.601284  
 92.609748   28.057851  
 72.397674   45.508148  
  90.24366   45.508148  
 98.012359   80.710662  
 109.50851   103.72805  
 79.475280   103.72805  
 93.171562   36.914371  
 75.495292   36.914371  
 83.969368   7.1004910  
 94.397010   89.686554  
 97.146171   89.686554  
 92.029274   56.255691  
 88.383834   56.255691  
 76.287063   42.210990  
 90.728881   244.01382  
 94.326889   244.01382  
 73.019882   12.728838  
 81.181221   12.728838  
 105.11714   91.622489  
 78.436531   91.622489  
 96.356529   13.176004  
 104.15723   78.363082  
 91.961875   36.513950  
 97.847366   114.50095  
 91.325698   34.471069  
 90.523895   34.471069  
 70.919311   43.670417  
 101.39815   43.670417  
 101.39815   43.670417  
 75.087616   166.59028  
 89.105636   166.59028  
 88.291549   15.464952  
 95.845489   8.9787569  
 91.992698   47.905448  
 91.078323   47.905448  
 91.819229   6.8822193  
 75.283592   6.8822193  
 84.734413   59.966968  
 91.022369   116.23178  
 86.252784   8.7483577  
 75.420410   144.77619  
 81.345939   45.434104  
 106.11006   45.434104  
 106.32804   68.321945  
 78.848800   168.38903  
 94.276489   30.372423  
 87.151588   84.721092  
 107.13489   84.721092  
 75.487495   27.075950  
 79.539367   51.912132  
 70.935066   4.6997165  
 94.025001   47.988224  
 89.690185   47.988224  
 90.004478   14.718805  
 70.242775   132.30737  
 70.242775   132.30737  
 84.646575   7.8406376  
 74.538543   11.012246  
 73.949264   11.012246  
 92.244270   43.938118  
 70.842926   98.289176  
 73.416854   98.289176  
 91.704017   65.453460  
 75.167572   65.416343  
 86.969909   65.416343  
 75.217582   5.3959231  
 76.262382   5.3959231  
 98.628372   58.579662  
 93.669349   28.725809  
 72.275939   53.923339  
 75.854072   53.923339  
 72.275939   53.923339  
 80.502899   53.923339  
  89.56604   7.7381448  
 97.590377   48.172920  
 72.547187   48.172920  
 74.156982   7.5491099  
 92.024330   35.111599  
 91.921989   35.111599  
 97.168541   14.710874  
 94.513969   40.098091  
 91.813629   76.519172  
 81.104141   10.765506  
 91.294311   10.765506  
 73.052413   36.221706  
 93.713134   36.221706  
 90.126716   79.242309  
 75.994888   43.936924  
 90.231330   68.017082  
 74.059738   23.601385  
 89.799614   165.64625  
 95.642837   165.64625  
 106.65507   165.64625  
 95.642837   165.64625  
 102.65249   131.99226  
 83.878173   131.99226  
 76.782455   43.828247  
 91.817184   50.798236  
 76.081893   36.171169  
 84.727790   89.771949  
 109.07315   137.46606  
 70.665306   137.46606  
 81.386184   137.46606  
 70.665306   137.46606  
 74.780960   137.46606  
 103.03539   137.46606  
 81.386184   137.46606  
 103.03539   137.46606  
 74.780960   137.46606  
 77.069122   137.46606  
 109.07315   137.46606  
 77.069122   137.46606  
 98.561164   58.140495  
 93.933204   162.43373  
 73.665702   162.43373  
 75.328979   162.43373  
 90.657661   52.422596  
 93.116638   29.186590  
 86.394134   53.655525  
 74.101944   53.655525  
 88.844039   36.798568  
 88.053627   32.022251  
 82.631996   46.620086  
 72.212829   69.022285  
 108.50671   69.022285  
 103.72532   39.639236  
 74.281219   39.639236  
 78.104476   91.847976  
 80.950264   44.026397  
 89.155914   70.697189  
 90.749755   70.697189  
 81.781005   60.770286  
 83.237411   60.770286  
 87.216568   48.515731  
 88.820526   32.961132  
 95.407211   79.203506  
 93.865364   77.786987  
 80.429313   34.952171  
 76.388328   34.952171  
 100.63231   34.952171  
 76.388328   34.952171  
 93.845741   12.707024  
 73.813240   101.49797  
 92.226486   28.263887  
 92.997917   42.784229  
 71.888252   13.362812  
 91.989196   4.8899779  
 79.959060   109.96727  
 91.674667   109.96727  
 90.228279   106.68270  
 77.047393   106.68270  
 93.873176   37.055229  
 83.915115   37.055229  
 91.990387   45.559967  
 87.788017   64.966453  
 82.219123   32.552379  
 82.219123   4.4726872  
 100.25609   156.51048  
 90.546630   104.42890  
 90.546630   104.42890  
 74.084289   70.995956  
 94.758613   70.995956  
 74.084289   4.0447917  
 79.343605   19.043674  
 90.761230   19.043674  
 92.858528   28.857000  
 89.740623   28.857000  
 101.68053   134.37213  
 76.196838   134.37213  
 89.134063   12.652793  
 90.620163   205.23005  
 106.06904   25.753723  
 89.960670   20.927955  
 91.027832   186.57510  
 91.428123   55.106655  
 90.577507   55.106655  
 93.583313   150.64170  
 89.535446   150.64170  
 93.940834   39.175319  
 101.08343   40.562751  
 76.365951   40.562751  
 74.833587   38.209114  
 75.062042   38.209114  
 101.70601   26.003883  
 85.450996   120.84616  
 81.589431   16.423994  
 70.927864   16.423994  
 73.457237   96.584846  
 76.067604   4.4594049  
 71.261497   4.4594049  
 93.678375   5.4870128  
 94.845565   47.345192  
 90.779197   47.345192  
 104.11471   18.054519  
 87.590736   18.054519  
 96.868896   4.9176540  
 96.868896   4.4413595  
 78.822586   4.2199106  
 73.644111   41.630672  
 93.843940   41.630672  
 85.933807   19.752887  
 71.293891   7.8081483  
 79.481254   225.84799  
 88.939491   19.659315  
 98.704628   19.659315  
 87.814498   46.352787  
 89.697036   46.352787  
 88.402099   46.291671  
 104.33205   46.291671  
 92.727958   78.051734  
 72.224563   78.051734  
 105.49612   14.358779  
 103.55510   14.358779  
 88.928947   63.224407  
 90.705497   21.077434  
 83.647468   48.307407  
 89.219108   57.698802  
 74.124893   39.063034  
 72.426635   6.7750778  
 108.48608   6.7750778  
 71.971382   16.215391  
 91.093185   16.215391  
 92.067359   47.787857  
 89.839714   43.219947  
 91.015007   6.2524576  
 108.78788   166.20945  
 74.554588   6.8223733  
 103.63935   48.086711  
 92.880760    37.46978  
 92.332572    37.46978  
 74.150260   6.7179050  
 89.976020   51.376834  
 89.565872   51.376834  
 85.707405   28.014913  
  104.6558   4.2145891  
 71.764564   69.816741  
 91.065177   4.6087136  
 99.628791   49.649326  
 86.735206   9.1251211  
 92.616371   27.825765  
 75.431808   10.165247  
 79.389518   10.165247  
 70.985435   195.40997  
 73.902023   117.80645  
 89.456428   67.364021  
 104.83691   12.303437  
 91.994979   12.303437  
  90.69664   30.807539  
 90.357681   69.744247  
 96.816078   69.744247  
 91.902702   5.5165076  
 73.888809   5.0494556  
 88.416336   35.205738  
 76.477249   36.623851  
 76.873436   153.33065  
 89.230491   153.33065  
 108.58975   46.018314  
 81.320480   46.018314  
 81.862289   322.15457  
 87.932510   322.15457  
 81.862289   322.15457  
 79.297569   322.15457  
 88.077552   41.789794  
 73.924522   47.193962  
 85.852127   86.639900  
 103.99293   86.639900  
 90.134765   48.702842  
 71.658500   20.931224  
 72.711822   66.347991  
 89.187332   66.347991  
 97.950767   11.395150  
 83.674583   11.395150  
 80.142105   86.796485  
 80.142105   86.796485  
 71.921455   8.1422405  
 89.012153   99.277145  
 84.357849   7.5043501  
 87.146156   56.427333  
 91.107475   102.57166  
 88.706275   102.57166  
 87.115478   71.390373  
 87.996589   71.390373  
 75.653915   52.225990  
 93.971809   52.225990  
 75.653915   52.225990  
 94.872390   52.225990  
 76.932136   51.846851  
 78.136436   51.846851  
 71.278007   26.625864  
 97.653152   26.625864  
 98.511154   10.519785  
  84.36203   165.79682  
 107.40335   165.79682  
 93.211372    48.48032  
 74.032722   8.6273698  
 78.439674   46.885505  
 74.744392   36.585407  
 77.453826   8.2334594  
 101.26355   68.361702  
 79.511795   68.361702  
 89.660781   68.361702  
 90.196708   68.361702  
 89.327140   57.890842  
 75.899665   20.473737  
 97.176330   41.258785  
 88.141700   41.258785  
 82.427955   34.389965  
 84.789756   34.389965  
 89.695526   70.716423  
 87.696472   70.716423  
 84.467330   74.323310  
 72.203277   74.323310  
 90.360603   37.309650  
 92.068519   312.99005  
 71.713737   58.609764  
 91.150550   31.261245  
 89.156227   31.261245  
 88.926109   22.616710  
 80.837638   69.561546  
 91.659141   126.39705  
 89.537231   35.081962  
 73.016037   35.081962  
 105.08936   137.15130  
 105.08936   137.15130  
 89.731857   52.850559  
 86.357612   52.850559  
 100.41746   10.212270  
 84.032043   10.212270  
 84.725174   74.961364  
 71.742836   61.961364  
 98.301292   396.60916  
 90.962234   31.918970  
 93.884048   97.941062  
 90.909133   97.941062  
 94.748657   16.034387  
 86.856895   5.2729144  
 74.275955   53.602607  
 89.892585   57.165737  
 94.289588   57.165737  
 101.08303   105.22271  
 72.995712   105.22271  
 92.743270   135.67489  
 92.743270   135.67489  
 81.245224   98.552619  
 86.831863   19.975296  
 76.214111   44.295402  
 103.04843   71.261360  
 75.782730   93.448257  
 94.850006   93.448257  
 78.420311   10.514082  
 93.112213   26.921560  
 100.47103   72.292884  
 75.851127   72.292884  
 90.732879   39.739414  
 70.424072   120.03508  
 93.175430   85.199173  
 89.919906   85.199173  
 103.85366   142.73129  
 88.725128   34.128883  
 93.206947   64.152481  
 71.639434   7.9481968  
 72.095390   7.9481968  
 86.222297   8.0666303  
 95.559082   8.0666303  
 90.390258   16.143524  
 113.51049   154.99220  
 95.545448   154.99220  
 93.127792   39.174339  
 85.943107   63.963028  
 88.745536   63.963028  
 95.774078   384.53668  
 75.847648   384.53668  
 98.617019   27.236318  
 86.912666   27.236318  
 91.147476   21.775547  
 83.164268   16.299911  
 73.245109   78.581787  
 88.623649   39.019699  
 105.35662   107.14977  
  89.22995   32.764205  
 74.841644   188.09025  
 108.69358   188.09025  
 70.536468   19.765127  
 93.510559   19.765127  
 107.19130   19.765127  
 93.510559   19.765127  
 101.13683   83.634262  
 90.306373   30.808252  
 94.367874   8.5413646  
 92.371505   34.256843  
 77.296707   14.727438  
 90.631759   9.9005422  
 76.739013   60.685390  
 98.474861   60.685390  
 91.784767   29.448602  
 86.896118   29.448602  
 78.261535   17.854501  
 84.197357   17.854501  
 73.058555   54.883155  
 73.113044   54.883155  
 90.297363   49.311355  
 94.446319   49.311355  
 91.026359   51.233593  
 75.085662   80.403038  
 83.639747   80.403038  
 75.112129   60.668312  
 108.86869   60.668312  
 87.096435   155.74673  
 97.093170   27.935514  
 89.643325   4.2182598  
 90.567123   53.095459  
 89.758506   13.275585  
 79.620742   13.275585  
 90.729965   32.280765  
 102.71388   38.875396  
 86.557724   5.1248846  
 85.886978   49.646293  
 91.879272   41.608963  
 73.320083   41.608963  
 106.21702   41.235240  
 93.786529   41.235240  
 74.934753   37.807804  
 101.46160   60.228839  
 83.479568   77.020507  
 78.205665   13.988360  
 94.814659   36.480781  
 96.588943   43.727466  
 92.331039   47.105346  
 92.318817   47.105346  
 94.783737   34.945426  
 91.341285   34.945426  
 95.467323   153.76338  
 89.545661   153.76338  
 92.093887   72.026977  
 76.516418   72.026977  
 73.873344   16.482217  
 85.910736   55.481731  
 96.634170   51.721012  
 92.334808   9.0568809  
 92.307754   9.0568809  
 74.172798   214.25529  
 92.307754   214.25529  
 87.635574   17.977356  
 105.13280   39.514865  
 93.032768   39.514865  
 88.124084   6.6491546  
 91.823059   6.6491546  
 95.632270   34.011318  
 90.365364   34.011318  
 91.391471   78.720283  
 79.321754   163.65988  
 80.619155   5.4202446  
 75.807098   5.4202446  
 79.321754   163.65988  
 75.807098   163.65988  
 91.614486   55.923358  
 88.277359   55.923358  
 91.658302   12.428292  
 92.963905   69.541748  
 87.642646   69.541748  
 85.982116   46.839813  
 102.39438   97.221969  
 91.300811   62.828937  
 86.667930   62.828937  
 73.398864   18.515363  
 90.957511   18.515363  
 92.644134   41.019893  
 72.523590   41.019893  
 87.924224   370.83087  
 102.74762   11.409133  
 87.727630   11.409133  
 70.609947   4.4036817  
 88.149307   4.3157682  
 78.746482   165.24545  
 74.218879   165.24545  
 91.331398   44.633873  
 88.600654   88.080566  
 93.493629   59.758503  
 89.956985   59.758503  
 93.781135   38.026943  
 94.078392   38.026943  
 92.307495   43.027919  
 87.700492   48.156925  
 81.703674   18.575035  
 94.484489   18.575035  
 78.657615   193.08947  
 76.972679   193.08947  
 88.187309   30.356622  
 102.67758   8.3530416  
 91.993217   6.5300912  
 98.500442   49.389427  
 76.886322   49.389427  
 91.035713   44.552589  
 92.284759   44.552589  
 88.466728   17.081569  
 73.128425   17.081569  
 84.654472   58.350868  
 71.077568   8.1147575  
 96.140953   23.701213  
 93.215850   32.910099  
 91.353698   32.910099  
 79.045913   20.973259  
 90.835723   60.418441  
 90.073013   36.953998  
 89.962402   137.04422  
 88.366165   137.04422  
 91.789657   40.889972  
 91.522682   81.522789  
 109.76383   81.522789  
 70.740654   81.522789  
 91.522682   81.522789  
 70.740654   81.522789  
 88.206749   53.251167  
 78.234863   52.347534  
 101.88280   5.6516013  
 74.610549   5.6516013  
 87.748046   26.523662  
 80.638221   26.523662  
 89.712913   88.705436  
 100.80375   5.7945122  
 107.63317   5.7945122  
 85.031356   16.640073  
 72.936142   16.640073  
 80.249229   10.655860  
 70.569191   128.56140  
 70.569191   128.56140  
 88.039802   125.62647  
 85.429222   125.62647  
 88.075683   51.775390  
 77.871696   91.246276  
 76.214447   79.916870  
 87.961517   79.916870  
 97.187728   32.685150  
 89.255966   32.685150  
 76.207351   59.411109  
 90.122154   59.411109  
 90.325683   16.522436  
 83.404800   30.046907  
 79.260574   30.046907  
 89.529991   31.414176  
 90.871696   40.020717  
 90.871696   40.020717  
 74.883750   40.020717  
 91.635551   64.585426  
 80.303833   64.585426  
 91.775672   80.639930  
 85.042648   80.639930  
 90.181823   56.547359  
 97.457138   26.436742  
 82.462432   8.9367446  
 95.998184   13.109199  
 107.77996   36.812572  
 90.091255    5.377491  
 92.411880   13.598147  
 88.218978   13.598147  
 91.325714   15.255604  
 88.789672   5.1725964  
 89.727874   29.906831  
 91.736312   60.526805  
 89.794426   60.526805  
 100.62223   6.4821701  
 98.368484   93.770294  
 71.939949   93.770294  
 74.688781   8.4308490  
 83.163162   110.56592  
 91.788604   110.56592  
 106.57466   343.90597  
 76.418808   41.346611  
 87.063575   52.554248  
 92.103500   52.554248  
 71.367988   7.4564900  
 71.367988   7.4564900  
 98.190216   34.613636  
 71.952491   26.177522  
 89.674163   26.177522  
 92.116317   12.933530  
 77.656730   49.398452  
 88.688850   61.724559  
 105.35089   61.724559  
 85.767074   25.519374  
 80.929313   26.146139  
 85.131149   39.342777  
 93.719596   9.7952394  
 98.316307   12.310761  
 93.719596   12.310761  
 82.328773   34.409992  
 82.328773   9.7952394  
 98.316307   12.310761  
 98.316307   12.310761  
 82.328773   12.310761  
 85.689384   4.8293972  
 94.951904    39.07938  
 72.658050    39.07938  
 93.786003   41.629447  
 71.853843   69.599311  
 74.565765   69.599311  
 86.319511   108.36374  
 97.810058   108.36374  
 90.465103   144.56614  
 73.877044   104.05356  
 73.877044   104.05356  
 73.877044   104.05356  
 74.718986   12.144613  
 89.068473   12.144613  
 89.168548   119.75511  
 73.724685   52.113334  
 84.610809   45.065845  
 86.710647   45.065845  
 89.190940   27.336854  
 78.352874   27.336854  
 98.515899   13.628091  
 75.542007   24.480341  
 83.055229   54.878128  
 91.833801   54.878128  
 94.003593   50.747463  
 91.509414   50.747463  
 79.881897   112.60383  
 85.930099   90.937919  
 81.399314   90.937919  
 73.480728   11.215594  
 70.601676   14.175421  
 77.584617   98.013961  
 91.260955   51.570259  
 91.686363   51.570259  
 82.461677   24.162448  
 88.937370   37.381954  
 72.990211   37.381954  
 90.486015   51.748062  
 78.948768   51.748062  
 92.137367   83.432037  
 81.913650   83.432037  
 74.604522   21.232210  
 78.705375   21.232210  
 94.642341   9.1770534  
 79.569519   11.720488  
 91.734428   11.720488  
 95.483680   36.307830  
 84.050018   36.307830  
 93.364662   6.5302848  
 85.796470   6.5302848  
 104.03802   103.08329  
 97.714126   103.08329  
 89.518257   64.541862  
 83.931121   40.272239  
 87.396369   26.117506  
 80.402656   55.336074  
 80.083038   42.187290  
 82.062072   83.646720  
 88.159362   83.646720  
 97.732955   15.440909  
 108.02279   25.892343  
 77.478324   25.892343  
 101.54174   25.892343  
 77.478324   25.892343  
 72.272834   72.108100  
 77.758163   72.108100  
 71.915969   90.934433  
 97.548111   29.676593  
 83.962593   121.40476  
 89.383697   95.503448  
 99.317581   109.36042  
  92.17939   55.457744  
 81.621368   171.18486  
 91.656723   31.246097  
 89.222503   41.352874  
 96.290885   41.352874  
 91.087501   38.131553  
 99.526580   27.268981  
 90.277679   62.515644  
 90.443878   62.515644  
 101.33313   59.658145  
 70.053031   59.658145  
 95.838783   19.769071  
 78.532653   19.769071  
 81.909477   26.476825  
 93.020095   59.081817  
 91.358055   59.081817  
 86.487770   21.941522  
 85.931823   18.382265  
 76.872039   86.558837  
 88.323776   7.2343468  
 89.166061   7.2343468  
 109.94480   180.96444  
  105.9263   180.96444  
 94.942642   76.319915  
 89.382339   53.407821  
 93.809059   53.407821  
 86.801788   87.787635  
 92.890258   19.776062  
 81.368545   19.776062  
 88.052742   84.590988  
 90.097259   81.100288  
 87.292297   45.796051  
 88.713691   34.990413  
 107.49358   34.990413  
 83.298965   16.813726  
 99.617157   16.813726  
 83.206024   17.632484  
 79.837448   22.031166  
 87.030715   22.031166  
 91.402153   35.084758  
 90.553802   107.21659  
 92.838386   23.920873  
 89.704093   23.920873  
 80.792610   23.920873  
 72.346473   23.920873  
 89.768074   21.926075  
 77.457389   21.926075  
 89.128776   42.609817  
 78.089126   42.609817  
 103.93377   5.4339780  
 82.429672   136.19833  
 90.883155   33.054046  
 83.707656   149.91880  
 72.282432   149.91880  
 91.515182   29.422832  
 82.442627   78.013275  
 107.99662   97.688270  
 106.15477   97.688270  
 102.85932   77.432510  
 89.880867   58.141426  
 91.366905   58.141426  
 82.467796   11.779471  
 74.876449   11.779471  
 97.603424   136.98875  
 82.284179   136.98875  
 77.551979   11.042542  
 74.178932   22.509277  
 87.392547   22.509277  
 84.007011   14.651712  
 87.392547   17.638671  
 84.007011   17.638671  
 99.118240   14.651712  
 99.118240   22.509277  
 74.178932   22.509277  
 77.011581   18.863561  
 89.593864   83.519935  
 93.399559   83.519935  
 100.86696   136.01033  
 92.221412   222.66905  
 76.809791   22.912849  
 90.330650   178.56579  
 91.085861   178.56579  
 89.750709   29.101177  
 89.984283   23.293558  
 89.669662   82.039802  
 90.936721   28.791946  
 75.921630   162.31951  
 87.981468   162.31951  
 73.136985   162.31951  
 87.981468   162.31951  
 101.66416   29.034748  
 75.775604   29.034748  
 96.149246   29.034748  
 79.342277   29.034748  
 102.48629   5.3912391  
 93.669006   103.00565  
 84.808708   28.258230  
 107.79814   13.010953  
 91.964759   40.935882  
 88.701171   21.509063  
 92.916358   98.898803  
 88.083076   96.668174  
 76.115043   96.668174  
 75.600067   101.04375  
 81.433364   39.663429  
 76.827880   94.942596  
 108.99408   94.942596  
 85.903533   14.528250  
 74.719986   9.8717298  
 80.179573   9.8717298  
 75.710571   202.35040  
 75.665214   202.35040  
 91.684326   47.221431  
 102.04755   47.221431  
 77.088882   35.449668  
 85.024421   52.293232  
 89.675003   52.293232  
 81.547378   24.747142  
 87.903556   59.187179  
 88.811843   59.187179  
 91.114334   113.88697  
 108.78336   113.88697  
 73.760238   70.514701  
 91.406295   24.505065  
 89.114662   24.505065  
 95.512023   164.55445  
 75.957206   164.55445  
 106.09175   61.704689  
 91.301269   61.704689  
 76.747932   39.321861  
 71.150535   63.517669  
 105.82070   63.517669  
 80.127288   87.102279  
 81.712989   87.102279  
 97.894455   66.380149  
 94.385383   55.335018  
 85.274490   55.335018  
 108.39634   7.6027951  
 94.385734   7.6027951  
 92.622787   52.770496  
 88.952102   52.770496  
 100.05044   7.1804795  
 75.563087   10.728172  
 92.848091   10.728172  
 104.86320   105.65855  
 102.67372   105.65855  
 86.041748   39.221164  
 72.000328   39.221164  
 73.254722   32.677372  
 90.099067   57.408744  
 87.770622   57.408744  
 83.436988   30.550085  
 72.292015   9.5350656  
 79.570724   9.5350656  
 109.26918   91.438522  
 70.235359   84.285232  
 87.011070   84.285232  
 86.361480   11.454326  
 108.47044   11.454326  
 91.418167   72.665016  
 96.199272   72.665016  
 85.929657   78.827133  
 81.356620   78.827133  
 90.178810   31.168233  
 89.758972   31.168233  
 90.186325   34.739547  
 85.523956   11.712581  
 82.295593   6.7311940  
 90.272056   16.488338  
 88.300499   16.488338  
 91.906486   21.190361  
 89.221138   21.190361  
 106.33506   24.671632  
 81.313583   24.671632  
 101.19545   39.154068  
 86.904258   69.361625  
 83.955917   10.085611  
 87.010154   23.507141  
 90.245269   23.507141  
 81.851059   37.937255  
 93.150810   37.937255  
 73.087883   13.051447  
 73.087883   171.30128  
 86.045692   171.30128  
 96.431137    24.01507  
 76.602432   33.256866  
 92.673469   136.34454  
 96.429832   274.95291  
 90.202560   274.95291  
 77.524231   19.498331  
 92.083023   19.498331  
 85.343048   38.630184  
 89.766632   38.630184  
 75.885162   25.204456  
 77.293670   7.4576396  
 73.646209   7.4576396  
 84.741828   646.35064  
 89.037742   39.780418  
 86.946579   111.87446  
 90.113838   111.87446  
 91.170295   27.612634  
 88.581275   10.745929  
 73.889946   10.745929  
 76.423622   35.947177  
 99.697937   61.595607  
 90.540420   61.161598  
 91.887565   61.161598  
 77.226928   18.216146  
 100.83193   35.043865  
 91.414917   11.348503  
 101.61228   11.348503  
 95.693733   67.330406  
 76.007057   67.330406  
 74.732238   39.581314  
 101.70604   51.088832  
 91.211387   51.436618  
 91.211387   40.836124  
 77.636611   38.516422  
 72.846298   6.8183860  
 85.074920   117.69501  
 106.09740   117.69501  
 81.599395   363.21600  
 98.413543   363.21600  
 100.93696   118.28339  
 104.90494   118.28339  
 75.738479   76.407394  
 92.178413   31.870880  
 81.060684   66.489151  
 85.384071   66.489151  
 82.986480   66.489151  
 85.384071   66.489151  
 107.08155   211.89682  
  79.86689   64.779693  
 79.815895   64.779693  
  79.86689   64.779693  
 81.014068   5.2923069  
 74.471138   4.0207552  
 103.14527   75.116325  
 101.72616   75.116325  
 98.215278   244.58813  
 107.48529   244.58813  
 90.282081   54.452735  
 92.630371   51.475681  
 88.695724   38.269928  
 83.801689   38.269928  
 89.267959   33.310615  
 90.264877   49.181736  
 88.314796   103.68957  
 98.713119   13.933958  
 89.942810   101.64202  
 96.291740   101.64202  
 107.48788   85.098289  
 74.093055   85.098289  
 70.940208   33.383689  
 84.927207   65.805328  
 96.679573   65.805328  
 74.737983   80.557556  
 70.819511   69.667312  
 93.298469   145.92089  
 91.117553   145.92089  
 71.062370   164.13386  
 90.914100   30.981006  
 79.130050   45.029628  
 107.50713   45.029628  
 81.385986   92.662887  
 85.899597   92.662887  
 89.980545   43.944759  
 71.414657   200.83519  
 80.473678   200.83519  
 91.187118   43.729438  
 90.525245   105.54453  
 71.563339   105.54453  
 107.80587   9.4053554  
 95.938209   9.4053554  
 107.80587   9.4053554  
 72.191482   9.4053554  
 82.735115   5.2091293  
 100.61026   11.971488  
 76.022041   6.0033140  
 86.440818   6.0033140  
 75.778526   6.0033140  
 86.630561   6.0033140  
 99.669715   210.53695  
 72.557014   73.239418  
 102.37011   73.239418  
 88.476676   85.408294  
 94.175224   85.408294  
 90.173660   48.978023  
 107.57975   97.075943  
 102.41187   97.075943  
 92.231018   20.431238  
 85.911415   20.431238  
 97.220047   215.51116  
 73.969741   215.51116  
 89.033721   41.393287  
 79.988334   41.393287  
 86.469993   104.58545  
 87.252571   81.958869  
 94.121307   191.40277  
 93.014869   191.40277  
 94.121307   191.40277  
 85.658729   191.40277  
 90.748466   25.856267  
 90.131790   25.856267  
 89.721733   23.120491  
 73.146820   23.120491  
 89.524322   59.381435  
 91.300811   62.828937  
 86.667930   62.828937  
 73.398864   18.515363  
 90.957511   18.515363  
 92.644134   41.019893  
 72.523590   41.019893  
 87.924224   370.83087  
 102.74762   11.409133  
 87.727630   11.409133  
 70.609947   4.4036817  
 88.149307   4.3157682  
 78.746482   165.24545  
 74.218879   165.24545  
 91.331398   44.633873  
 93.493629   59.758503  
 89.956985   59.758503  
 93.781135   38.026943  
 94.078392   38.026943  
 92.307495   43.027919  
 87.700492   48.156925  
 78.657615   193.08947  
 76.972679   193.08947  
 88.187309   30.356622  
 102.67758   8.3530416  
 91.993217   6.5300912  
 98.500442   49.389427  
 76.886322   49.389427  
 91.035713   44.552589  
 92.284759   44.552589  
 88.466728   17.081569  
 73.128425   17.081569  
 84.654472   58.350868  
 71.077568   8.1147575  
 96.140953   23.701213  
 79.045913   20.973259  
 90.835723   60.418441  
 90.073013   36.953998  
 89.962402   137.04422  
 88.366165   137.04422  
 91.789657   40.889972  
 91.522682   81.522789  
 109.76383   81.522789  
 70.740654   81.522789  
 91.522682   81.522789  
 70.740654   81.522789  
 88.206749   53.251167  
 78.234863   52.347534  
 87.748046   26.523662  
 80.638221   26.523662  
 89.712913   88.705436  
 100.80375   5.7945122  
 107.63317   5.7945122  
 85.031356   16.640073  
 72.936142   16.640073  
 80.249229   10.655860  
 70.569191   128.56140  
 70.569191   128.56140  
 77.871696   91.246276  
 76.214447   79.916870  
 87.961517   79.916870  
 97.187728   32.685150  
 89.255966   32.685150  
 76.207351   59.411109  
 90.122154   59.411109  
 90.325683   16.522436  
 83.404800   30.046907  
 79.260574   30.046907  
 89.529991   31.414176  
 90.871696   40.020717  
 90.871696   40.020717  
 74.883750   40.020717  
 82.462432   8.9367446  
 95.998184   13.109199  
 90.091255    5.377491  
 92.411880   13.598147  
 88.218978   13.598147  
 91.325714   15.255604  
 98.368484   93.770294  
 71.939949   93.770294  
 74.688781   8.4308490  
 98.190216   34.613636  
 92.116317   12.933530  
 77.656730   49.398452  
 85.767074   25.519374  
 80.929313   26.146139  
 93.786003   41.629447  
 71.853843   69.599311  
 74.565765   69.599311  
 86.319511   108.36374  
 97.810058   108.36374  
 74.718986   12.144613  
 89.068473   12.144613  
 89.168548   119.75511  
 98.515899   13.628091  
 75.542007   24.480341  
 83.055229   54.878128  
 91.833801   54.878128  
 94.003593   50.747463  
 91.509414   50.747463  
 79.881897   112.60383  
 77.584617   98.013961  
 91.260955   51.570259  
 91.686363   51.570259  
 82.461677   24.162448  
 88.937370   37.381954  
 72.990211   37.381954  
 90.486015   51.748062  
 78.948768   51.748062  
 95.483680   36.307830  
 84.050018   36.307830  
 93.364662   6.5302848  
 85.796470   6.5302848  
 104.03802   103.08329  
 97.714126   103.08329  
 89.518257   64.541862  
 83.931121   40.272239  
 87.396369   26.117506  
 80.402656   55.336074  
 80.083038   42.187290  
 82.062072   83.646720  
 88.159362   83.646720  
 97.548111   29.676593  
 83.962593   121.40476  
 89.383697   95.503448  
 99.317581   109.36042  
 99.526580   27.268981  
 81.909477   26.476825  
 93.020095   59.081817  
 91.358055   59.081817  
 86.487770   21.941522  
 76.872039   86.558837  
 88.323776   7.2343468  
 89.166061   7.2343468  
 109.94480   180.96444  
  105.9263   180.96444  
 89.382339   53.407821  
 93.809059   53.407821  
 86.801788   87.787635  
 92.890258   19.776062  
 81.368545   19.776062  
 88.052742   84.590988  
 90.097259   81.100288  
 87.292297   45.796051  
 91.402153   35.084758  
 92.838386   23.920873  
 89.704093   23.920873  
 80.792610   23.920873  
 72.346473   23.920873  
 89.768074   21.926075  
 77.457389   21.926075  
 89.128776   42.609817  
 78.089126   42.609817  
 103.93377   5.4339780  
 90.883155   33.054046  
 91.515182   29.422832  
 82.442627   78.013275  
 107.99662   97.688270  
 106.15477   97.688270  
 102.85932   77.432510  
 89.880867   58.141426  
 91.366905   58.141426  
 82.467796   11.779471  
 74.876449   11.779471  
 97.603424   136.98875  
 82.284179   136.98875  
 74.178932   22.509277  
 87.392547   22.509277  
 84.007011   14.651712  
 87.392547   17.638671  
 84.007011   17.638671  
 99.118240   14.651712  
 99.118240   22.509277  
 74.178932   22.509277  
 77.011581   18.863561  
 100.86696   136.01033  
 92.221412   222.66905  
 76.809791   22.912849  
 90.330650   178.56579  
 91.085861   178.56579  
 89.750709   29.101177  
 89.984283   23.293558  
 89.669662   82.039802  
 90.936721   28.791946  
 75.921630   162.31951  
 87.981468   162.31951  
 73.136985   162.31951  
 87.981468   162.31951  
 102.48629   5.3912391  
 91.964759   40.935882  
 88.701171   21.509063  
 92.916358   98.898803  
 88.083076   96.668174  
 76.115043   96.668174  
 75.600067   101.04375  
 85.903533   14.528250  
 74.719986   9.8717298  
 80.179573   9.8717298  
 77.088882   35.449668  
 85.024421   52.293232  
 89.675003   52.293232  
 81.547378   24.747142  
 87.903556   59.187179  
 88.811843   59.187179  
 91.114334   113.88697  
 108.78336   113.88697  
 73.760238   70.514701  
 91.406295   24.505065  
 89.114662   24.505065  
 95.512023   164.55445  
 75.957206   164.55445  
 106.09175   61.704689  
 91.301269   61.704689  
 76.747932   39.321861  
 71.150535   63.517669  
 105.82070   63.517669  
 80.127288   87.102279  
 81.712989   87.102279  
 97.894455   66.380149  
 94.385383   55.335018  
 85.274490   55.335018  
 92.622787   52.770496  
 88.952102   52.770496  
 100.05044   7.1804795  
 75.563087   10.728172  
 92.848091   10.728172  
 104.86320   105.65855  
 102.67372   105.65855  
 86.041748   39.221164  
 72.000328   39.221164  
 73.254722   32.677372  
 90.099067   57.408744  
 87.770622   57.408744  
 83.436988   30.550085  
 72.292015   9.5350656  
 79.570724   9.5350656  
 109.26918   91.438522  
 70.235359   84.285232  
 87.011070   84.285232  
 86.361480   11.454326  
 108.47044   11.454326  
 91.418167   72.665016  
 96.199272   72.665016  
 85.929657   78.827133  
 81.356620   78.827133  
 90.178810   31.168233  
 89.758972   31.168233  
 90.186325   34.739547  
 85.523956   11.712581  
 91.906486   21.190361  
 89.221138   21.190361  
 106.33506   24.671632  
 81.313583   24.671632  
 101.19545   39.154068  
 86.904258   69.361625  
 83.955917   10.085611  
 87.010154   23.507141  
 90.245269   23.507141  
 81.851059   37.937255  
 93.150810   37.937255  
 73.087883   13.051447  
 73.087883   171.30128  
 86.045692   171.30128  
 96.431137    24.01507  
 76.602432   33.256866  
 92.673469   136.34454  
 96.429832   274.95291  
 90.202560   274.95291  
 77.524231   19.498331  
 92.083023   19.498331  
 85.343048   38.630184  
 89.766632   38.630184  
 75.885162   25.204456  
 77.293670   7.4576396  
 73.646209   7.4576396  
 84.741828   646.35064  
 89.037742   39.780418  
 88.581275   10.745929  
 73.889946   10.745929  
 76.423622   35.947177  
 99.697937   61.595607  
 77.226928   18.216146  
 100.83193   35.043865  
 95.693733   67.330406  
 76.007057   67.330406  
 74.732238   39.581314  
 101.70604   51.088832  
 77.636611   38.516422  
 72.846298   6.8183860  
 85.074920   117.69501  
 106.09740   117.69501  
 81.599395   363.21600  
 98.413543   363.21600  
 100.93696   118.28339  
 104.90494   118.28339  
 75.738479   76.407394  
 92.178413   31.870880  
 81.060684   66.489151  
 85.384071   66.489151  
 82.986480   66.489151  
 85.384071   66.489151  
 107.08155   211.89682  
  79.86689   64.779693  
 79.815895   64.779693  
  79.86689   64.779693  
 81.014068   5.2923069  
 74.471138   4.0207552  
 103.14527   75.116325  
 101.72616   75.116325  
 98.215278   244.58813  
 107.48529   244.58813  
 88.695724   38.269928  
 83.801689   38.269928  
 90.264877   49.181736  
 88.314796   103.68957  
 98.713119   13.933958  
 89.942810   101.64202  
 96.291740   101.64202  
 107.48788   85.098289  
 74.093055   85.098289  
 70.940208   33.383689  
 84.927207   65.805328  
 96.679573   65.805328  
 74.737983   80.557556  
 70.819511   69.667312  
 93.298469   145.92089  
 91.117553   145.92089  
 71.062370   164.13386  
 90.914100   30.981006  
 79.130050   45.029628  
 107.50713   45.029628  
 81.385986   92.662887  
 85.899597   92.662887  
 89.980545   43.944759  
 90.525245   105.54453  
 71.563339   105.54453  
 107.80587   9.4053554  
 95.938209   9.4053554  
 107.80587   9.4053554  
 72.191482   9.4053554  
 76.022041   6.0033140  
 86.440818   6.0033140  
 75.778526   6.0033140  
 86.630561   6.0033140  
 99.669715   210.53695  
 72.557014   73.239418  
 102.37011   73.239418  
 88.476676   85.408294  
 94.175224   85.408294  
 90.173660   48.978023  
 107.57975   97.075943  
 102.41187   97.075943  
 92.231018   20.431238  
 85.911415   20.431238  
 97.220047   215.51116  
 73.969741   215.51116  
 89.033721   41.393287  
 79.988334   41.393287  
 94.121307   191.40277  
 93.014869   191.40277  
 94.121307   191.40277  
 85.658729   191.40277  
 90.748466   25.856267  
 90.131790   25.856267  
 89.721733   23.120491  
 73.146820   23.120491  
 89.524322   59.381435  
 90.449974   21.856163  
 90.169555   21.856163  
 72.786628   86.938133  
 78.530197   51.679626  
 87.076126   49.015670  
 87.854423   9.1183795  
 102.25343   9.1183795  
 84.932380   14.396641  
 82.228393   14.396641  
 84.932380   14.396641  
 77.686012   14.396641  
 91.381050   18.708307  
 91.524337   38.356845  
 99.635391   38.356845  
 75.342124   79.708152  
 82.248817   79.708152  
 92.165267   119.73230  
 82.801048   73.612434  
 108.92783   9.3312759  
 95.651275   6.7177982  
 82.869262   5.0012183  
 99.883918   75.461128  
 74.467155   133.63382  
 81.810600   133.63382  
 95.495758    98.36689  
 88.938468   44.327064  
 85.134582   9.6048107  
 78.616912   27.634201  
 98.091667   31.597578  
 70.910072   8.5110034  
 90.530983   64.342643  
 89.623535   20.924491  
 91.883544   20.924491  
 90.284553   60.020179  
 91.623664   61.179592  
 90.368354   33.204349  
 89.951927   26.109005  
 73.109336   86.074661  
 74.795471   86.074661  
 96.807228   50.202140  
 92.578407   50.202140  
 72.273765    36.65131  
 101.38919    36.65131  
 93.412445   48.106975  
 88.569915   48.106975  
 90.909484   68.114448  
 76.599067   35.119987  
 73.824623   35.119987  
 91.926368   32.033031  
 93.849601   32.033031  
 91.253471   45.621124  
 94.222038   61.047084  
 93.130523   61.047084  
 79.029998   5.3464837  
 107.74383   5.3464837  
 89.709510   61.634380  
 82.654533   62.273670  
 76.494094   62.273670  
 99.941810   62.273670  
 76.494094   62.273670  
  83.46241   62.273670  
 76.978042   62.273670  
 99.941810   62.273670  
 76.978042   62.273670  
  83.46241   62.273670  
 92.890258   62.273670  
 82.654533   62.273670  
 92.890258   62.273670  
 95.631057   25.382375  
 88.516113   5.1072273  
 73.861816   5.1072273  
 79.900917   257.58486  
 88.168998   56.501915  
 92.388336   56.501915  
 95.394279   15.740615  
 95.394279   17.182394  
 80.705696   8.1565570  
 78.073379   25.532569  
 101.76545   133.86187  
 82.322456   133.86187  
 76.205741   44.985668  
 93.085380   51.509014  
 78.181320   53.298465  
 71.048065   74.034774  
 87.464668   43.290966  
 99.448455   217.08889  
 81.439613   55.114139  
 89.749221   55.114139  
 92.289802   59.353424  
 89.223190   123.01284  
 85.880813   123.01284  
 101.61962   51.877292  
 77.471382   69.569801  
 87.728981   69.569801  
 89.511528   69.569801  
 87.728981   69.569801  
 107.79497   69.569801  
 87.728981   69.569801  
  91.45961   28.551221  
 75.293556   28.551221  
 86.716728   47.262756  
 93.350685   47.262756  
 92.212059   26.977117  
 91.195907   12.802939  
 82.192375   59.394271  
 82.192375   59.394271  
 74.344726   6.1845364  
 86.573730   88.946785  
 93.829383   38.337551  
 85.276245   38.337551  
 97.001213   95.543365  
 79.291450   37.364795  
 90.179008   37.364795  
 73.138023   7.6852717  
 99.174369   76.433082  
 81.440986   10.204340  
 78.774971   10.204340  
 84.117942   132.59075  
 90.442039   55.067588  
 75.999496   44.931888  
 93.823638   223.40672  
 84.054306   223.40672  
 84.815795   57.801776  
 78.109092   57.801776  
 98.740669   106.03342  
 80.918670   106.03342  
 91.610710   77.349540  
 80.683212   66.764877  
 78.903839   66.764877  
 76.659507   48.016765  
 94.213546   48.016765  
 101.13244   52.998577  
 83.407806   52.998577  
 70.250839   5.0591888  
 77.827186   5.3094196  
 73.560775   56.553123  
 74.489791   56.553123  
 90.739479   50.513664  
 83.465362   5.8343405  
 89.469390   49.559787  
 90.270942   49.559787  
 90.414993   95.678451  
 91.860023   95.678451  
 90.217285   34.518154  
 94.895660   67.614234  
 70.706695   67.614234  
 89.885086   125.59763  
 89.885086   125.59763  
 100.46088   184.12117  
 88.395774   36.057304  
 107.68913   36.057304  
 70.773010   6.2392897  
 76.556991   4.1236667  
 79.252708   4.4055647  
 83.041938   196.11492  
 71.789238   196.11492  
 81.066360   20.151020  
 70.518997   17.354005  
 97.333206   91.519958  
 102.34410   72.924400  
 91.621368   31.782894  
 91.947662   31.782894  
 87.398147   90.392890  
 91.381637   90.392890  
 106.52913   63.093509  
  70.07901   63.093509  
 87.769264   41.916912  
 91.202735   41.916912  
 89.180839   4.4389033  
 94.045692   426.62484  
 94.550140   120.23017  
 72.932670   120.23017  
 89.465370   32.930709  
 104.67054   9.1247463  
 83.029701   9.1247463  
 74.963279   7.0513491  
 85.158058   7.0513491  
 76.331802   62.037284  
 89.943718   62.037284  
 92.045356   61.359119  
 81.241592   41.169967  
 73.660545   79.915695  
 88.334571   79.915695  
 90.776512   22.707632  
 76.067390   36.492916  
 104.98969   36.492916  
 93.433113   36.492916  
 79.760894   36.492916  
 92.902679   30.183563  
 83.325958   30.183563  
 89.267631   45.456203  
 84.601661   10.157480  
 94.489669   65.147171  
 80.162017   74.550705  
 83.171035   14.443126  
 83.171035   14.443126  
 91.352623   14.443126  
 80.162017   74.550705  
 91.352623   74.550705  
 84.757797   132.53772  
 76.537162   49.543148  
 96.108223   17.740434  
 93.783180   17.740434  
 90.825813   53.946994  
 88.253868   53.946994  
 103.91133   20.521060  
 90.788223   20.521060  
 90.418106   14.311286  
 90.788223   14.311286  
 99.776283    18.63904  
 94.526115    18.63904  
 90.418106   14.311286  
 94.526115   14.311286  
 99.776283    18.63904  
 82.396423    18.63904  
 103.91133   20.521060  
 82.396423   20.521060  
 87.418663   35.142147  
 103.08748   65.639564  
 94.469139   65.639564  
 97.188812   60.564849  
 85.693374   60.564849  
 78.514404   32.430416  
 100.41326   86.660728  
 96.869072   86.660728  
 104.83641   10.487471  
 93.334053   10.487471  
 86.389457   106.42639  
 95.427192   57.785991  
 86.960792   8.1288175  
 79.942810   5.2267684  
 71.417762   5.2267684  
 89.395233   70.069099  
 91.143875   70.069099  
 95.018806   23.458658  
 71.842941   7.3220486  
 86.860771   56.435623  
 89.516967   56.435623  
 82.355003   55.076824  
 89.286819   55.076824  
 90.420112   70.377258  
 95.687805   70.377258  
 77.030677   106.14341  
 76.562477   19.618938  
 81.479225   19.618938  
 83.281547   62.516773  
 108.48188   130.64657  
 73.054573   107.34070  
 96.819259   136.64903  
 100.59872   136.64903  
 75.859085   220.56280  
 99.445236   63.864063  
 84.254760   63.864063  
 88.431694   20.566892  
 95.881752   63.344081  
 80.968170   66.249031  
 91.601615   12.640387  
 90.990257   25.548257  
  91.09198   24.194442  
 100.13963   115.83126  
 89.743576   115.83126  
 87.950492   110.35543  
 91.654571   187.63644  
 102.53404   18.499279  
 93.272605   18.155740  
 89.782852   34.459999  
 77.163269   47.619789  
 84.894012   40.420497  
 80.016426   40.420497  
 97.186996   11.889015  
 91.236167   55.094810  
 88.094612   55.094810  
 86.482421   59.887527  
 92.307701   59.887527  
 71.643264   5.5611271  
 89.501983   4.1009974  
 92.987838   131.54328  
 76.894386   131.54328  
 73.825943   23.098207  
 87.381218   29.927843  
 107.64117   29.927843  
 85.865943   89.792259  
 83.706169   10.252807  
 77.388481   5.7067313  
 77.679336   5.7067313  
 108.36763   90.660026  
 77.679336   90.660026  
 83.429588   144.89852  
 84.614280   66.895225  
 81.574783   5.2219739  
 92.372650    54.90485  
 79.605934   20.371969  
 76.563850   125.00117  
 88.362091   13.823678  
 75.121238   16.267000  
 102.64645   60.666793  
 90.022857   35.676857  
 79.218437   35.676857  
 89.592186   71.558303  
 88.796951   71.558303  
 87.657630   41.395076  
 83.318885   41.395076  
 89.355835   50.775859  
 88.474655   50.775859  
 72.066780   52.304935  
 90.223075   38.471256  
 91.634208   37.595279  
 76.594093   17.377357  
 92.307716   99.080329  
 91.725982   99.080329  
 88.419952   5.5079913  
 93.924621   5.5079913  
 78.671943   5.5079913  
 83.748954   5.5079913  
 79.625938   34.991714  
 79.625938   34.991714  
 73.986709   131.94410  
 79.048927   53.077110  
 95.210731   39.385494  
  96.30616   39.385494  
 75.629303   60.864757  
 75.643638   60.864757  
 96.589561   5.1967563  
 96.034484   56.174476  
 95.143577   205.48129  
 76.113441   88.546402  
 70.264152   11.960522  
 93.464637   53.644733  
 84.735595   26.076309  
 83.769432   8.2114296  
 80.301879   5.3643927  
 86.686630   5.3643927  
 80.301879   5.3643927  
 91.688293   5.3643927  
 96.312065   44.686443  
 94.937126   116.82666  
 95.732879   116.82666  
 99.364013   19.246114  
 73.208793   19.246114  
 108.14558   12.401644  
 73.840530   73.320823  
 75.923278   73.320823  
 88.564155   36.001998  
 81.895675   36.001998  
 71.911788   72.112594  
 84.847183   10.121566  
 84.024269   5.6058735  
 70.532432   5.6058735  
 90.999702   82.602157  
 82.294632   103.00291  
 101.73197   8.7853317  
  96.88974   63.047649  
 92.934303   168.13076  
 84.184127   168.13076  
 87.493843   16.857177  
 91.335037   31.679538  
 91.417945   35.316719  
 84.340507   150.26554  
 84.454620   54.054847  
 78.510582   54.054847  
 78.510582   48.373821  
 74.169471   48.373821  
 76.109001   78.686317  
 94.909950   58.549640  
 95.541793   127.62425  
 70.202522   127.62425  
 89.431648   144.29081  
 74.642440   144.29081  
 71.322883   68.141655  
 102.60164   54.075519  
 91.098991   71.271125  
 89.653205   71.271125  
 100.08667   32.069244  
 93.360519   23.666664  
 85.693473   23.666664  
 75.760719   21.373069  
 85.335861   21.373069  
  
